222222222222222222222222222222222222222222222222222222222222222222222222
222222222222222222222222222222222222222222222222222222222222222222222222
222222222222222222222222222222222222222222222222222222222222222211112222
222222222222222222222222222211222222222222222222222222222222222211112222
222222111112222222222222222211222222222221111222222222222222222211112222
221111113111111111111122222222222222222211111111222222222222222211112222
221122222222222222221122222222222222222221112222222222222222222211112222
221122222222222222211111111111111113111111122222222222222222222211112222
221122222222222222213111111331111111111111122222222222222222222211112222
221122222222222222211111111111111113111111131111111111111111111111111112
220122222222222222211111111111111111111113111311111111111111111111111112
222222222222222222222222222222222222222222222222222222222222222222222222